 NA-AZK-Plasy_1193~11939999_585_r.r1l1 3 2 2 
 NA-AZK-Plasy_1193~11939999_585_r.r1l2 2 1 1 
 NA-AZK-Plasy_1193~11939999_585_r.r1l3 2 0 0 
 NA-AZK-Plasy_1193~11939999_585_r.r1l4 2 0 0 
 NA-AZK-Plasy_1193~11939999_585_r.r1l5 4 2 0 
 NA-AZK-Plasy_1193~11939999_585_r.r1l6 3 3 1 
 NA-AZK-Plasy_1193~11939999_585_r.r1l7 13 12 7 
 NA-AZK-Plasy_1193~11939999_585_r.r1l8 5 4 3 
 NA-AZK-Plasy_1193~11939999_585_r.r1l9 1 1 0 
 NA-AZK-Chotesov_14270501_2158_r.r1l10 2 2 1 
 NA-AZK-Chotesov_14270501_2158_r.r1l11 0 0 0 
 NA-AZK-Chotesov_14270501_2158_r.r1l12 0 0 0 
 NA-AZK-Chotesov_14270501_2158_r.r1l13 0 0 0 
 NA-AZK-Chotesov_14270501_2158_r.r1l14 0 0 0 
 NA-AZK-Chotesov_14270501_2158_r.r1l15 0 0 0 
 NA-AZK-Chotesov_14270501_2158_r.r1l16 4 2 1 
 NA-AZK-Chotesov_14270501_2158_r.r1l17 6 5 1 
 NA-AZK-Chotesov_14270501_2158_r.r1l18 0 0 0 
 NA-AZK-Chotesov_14270501_2158_r.r1l19 1 0 0 
 NA-AZK-Chotesov_14270501_2158_r.r1l1 2 2 0 
 NA-AZK-Chotesov_14270501_2158_r.r1l20 1 0 0 
 NA-AZK-Chotesov_14270501_2158_r.r1l2 1 1 0 
 NA-AZK-Chotesov_14270501_2158_r.r1l3 2 4 0 
 NA-AZK-Chotesov_14270501_2158_r.r1l4 0 0 0 
 NA-AZK-Chotesov_14270501_2158_r.r1l5 3 3 3 
 NA-AZK-Chotesov_14270501_2158_r.r1l6 4 0 0 
 NA-AZK-Chotesov_14270501_2158_r.r1l7 3 2 0 
 NA-AZK-Chotesov_14270501_2158_r.r1l8 3 1 1 
 NA-AZK-Chotesov_14270501_2158_r.r1l9 5 5 2 
 NA-RM_14040206_2709_r.r1l10 1 0 0 
 NA-RM_14040206_2709_r.r1l11 0 0 0 
 NA-RM_14040206_2709_r.r1l12 1 0 0 
 NA-RM_14040206_2709_r.r1l13 1 0 0 
 NA-RM_14040206_2709_r.r1l14 0 0 0 
 NA-RM_14040206_2709_r.r1l15 0 0 0 
 NA-RM_14040206_2709_r.r1l16 0 0 0 
 NA-RM_14040206_2709_r.r1l17 1 0 0 
 NA-RM_14040206_2709_r.r1l18 0 0 0 
 NA-RM_14040206_2709_r.r1l19 0 0 0 
 NA-RM_14040206_2709_r.r1l1 2 1 1 
 NA-RM_14040206_2709_r.r1l20 0 0 0 
 NA-RM_14040206_2709_r.r1l21 1 0 0 
 NA-RM_14040206_2709_r.r1l22 0 0 0 
 NA-RM_14040206_2709_r.r1l23 0 0 0 
 NA-RM_14040206_2709_r.r1l24 0 0 0 
 NA-RM_14040206_2709_r.r1l25 0 0 0 
 NA-RM_14040206_2709_r.r1l26 0 0 0 
 NA-RM_14040206_2709_r.r1l27 0 0 0 
 NA-RM_14040206_2709_r.r1l28 0 0 0 
 NA-RM_14040206_2709_r.r1l29 0 0 0 
 NA-RM_14040206_2709_r.r1l2 5 1 0 
 NA-RM_14040206_2709_r.r1l30 0 0 0 
 NA-RM_14040206_2709_r.r1l31 0 0 0 
 NA-RM_14040206_2709_r.r1l32 0 0 0 
 NA-RM_14040206_2709_r.r1l33 1 0 0 
 NA-RM_14040206_2709_r.r1l3 9 4 4 
 NA-RM_14040206_2709_r.r1l4 0 0 0 
 NA-RM_14040206_2709_r.r1l5 2 3 1 
 NA-RM_14040206_2709_r.r1l6 0 0 0 
 NA-RM_14040206_2709_r.r1l7 6 4 2 
 NA-RM_14040206_2709_r.r1l8 0 0 0 
 NA-RM_14040206_2709_r.r1l9 0 0 0 
 NA-AZK-Plasy_1183ca~11839999_579_r.r1l10 0 0 0 
 NA-AZK-Plasy_1183ca~11839999_579_r.r1l11 0 0 0 
 NA-AZK-Plasy_1183ca~11839999_579_r.r1l12 3 3 2 
 NA-AZK-Plasy_1183ca~11839999_579_r.r1l13 6 6 4 
 NA-AZK-Plasy_1183ca~11839999_579_r.r1l14 6 7 1 
 NA-AZK-Plasy_1183ca~11839999_579_r.r1l15 6 6 3 
 NA-AZK-Plasy_1183ca~11839999_579_r.r1l17 5 3 2 
 NA-AZK-Plasy_1183ca~11839999_579_r.r1l18 4 2 0 
 NA-AZK-Plasy_1183ca~11839999_579_r.r1l19 0 0 0 
 NA-AZK-Plasy_1183ca~11839999_579_r.r1l1 1 1 1 
 NA-AZK-Plasy_1183ca~11839999_579_r.r1l20 0 0 0 
 NA-AZK-Plasy_1183ca~11839999_579_r.r1l21 1 0 0 
 NA-AZK-Plasy_1183ca~11839999_579_r.r1l2 2 1 1 
 NA-AZK-Plasy_1183ca~11839999_579_r.r1l3 1 0 0 
 NA-AZK-Plasy_1183ca~11839999_579_r.r1l4 1 0 0 
 NA-AZK-Plasy_1183ca~11839999_579_r.r1l5 0 0 0 
 NA-AZK-Plasy_1183ca~11839999_579_r.r1l6 0 0 0 
 NA-AZK-Plasy_1183ca~11839999_579_r.r1l7 1 0 0 
 NA-AZK-Plasy_1183ca~11839999_579_r.r1l9 0 0 0 
 NA-ACK_13531029_00423_r.r1l10 1 1 1 
 NA-ACK_13531029_00423_r.r1l12 5 5 4 
 NA-ACK_13531029_00423_r.r1l14 3 3 1 
 NA-ACK_13531029_00423_r.r1l15 13 13 13 
 NA-ACK_13531029_00423_r.r1l16 4 3 2 
 NA-ACK_13531029_00423_r.r1l17 0 0 0 
 NA-ACK_13531029_00423_r.r1l18 0 0 0 
 NA-ACK_13531029_00423_r.r1l20 0 0 0 
 NA-ACK_13531029_00423_r.r1l21 0 0 0 
 NA-ACK_13531029_00423_r.r1l22 0 0 0 
 NA-ACK_13531029_00423_r.r1l23 0 0 0 
 NA-ACK_13531029_00423_r.r1l24 0 0 0 
 NA-ACK_13531029_00423_r.r1l25 0 0 0 
 NA-ACK_13531029_00423_r.r1l26 1 1 1 
 NA-ACK_13531029_00423_r.r1l27 2 2 0 
 NA-ACK_13531029_00423_r.r1l28 0 0 0 
 NA-ACK_13531029_00423_r.r1l29 0 0 0 
 NA-ACK_13531029_00423_r.r1l2 3 3 2 
 NA-ACK_13531029_00423_r.r1l30 2 2 1 
 NA-ACK_13531029_00423_r.r1l31 2 2 2 
 NA-ACK_13531029_00423_r.r1l32 0 0 0 
 NA-ACK_13531029_00423_r.r1l33 2 2 2 
 NA-ACK_13531029_00423_r.r1l34 0 0 0 
 NA-ACK_13531029_00423_r.r1l35 0 0 0 
 NA-ACK_13531029_00423_r.r1l36 0 0 0 
 NA-ACK_13531029_00423_r.r1l37 2 2 2 
 NA-ACK_13531029_00423_r.r1l38 2 2 1 
 NA-ACK_13531029_00423_r.r1l40 1 1 1 
 NA-ACK_13531029_00423_r.r1l4 0 0 0 
 NA-ACK_13531029_00423_r.r1l6 0 0 0 
 NA-ACK_13531029_00423_r.r1l8 3 3 2 
 NA-ACK_14620617_01690_r._1573576976990_715 0 0 0 
 NA-ACK_14620617_01690_r._1573576979169_720 0 0 0 
 NA-ACK_14620617_01690_r.r1l10 1 1 0 
 NA-ACK_14620617_01690_r.r1l1 6 2 0 
 NA-ACK_14620617_01690_r.r1l2 4 3 3 
 NA-ACK_14620617_01690_r.r1l3 3 2 2 
 NA-ACK_14620617_01690_r.r1l4 2 2 1 
 NA-ACK_14620617_01690_r.r1l5 1 0 0 
 NA-ACK_14620617_01690_r.r1l6 0 0 0 
 NA-ACK_14620617_01690_r.r1l7 0 0 0 
 NA-ACK_14620617_01690_r.r1l8 0 0 0 
 NA-ACK_14620617_01690_r.r1l9 2 2 1 
 NA-ACK_13601123_00753_r.r1l10 0 0 0 
 NA-ACK_13601123_00753_r.r1l11 2 2 1 
 NA-ACK_13601123_00753_r.r1l12 4 3 2 
 NA-ACK_13601123_00753_r.r1l13 6 6 2 
 NA-ACK_13601123_00753_r.r1l14 8 7 4 
 NA-ACK_13601123_00753_r.r1l15 10 9 5 
 NA-ACK_13601123_00753_r.r1l16 1 1 0 
 NA-ACK_13601123_00753_r.r1l17 1 1 0 
 NA-ACK_13601123_00753_r.r1l1 1 0 0 
 NA-ACK_13601123_00753_r.r1l2 0 0 0 
 NA-ACK_13601123_00753_r.r1l3 3 3 2 
 NA-ACK_13601123_00753_r.r1l4 0 0 0 
 NA-ACK_13601123_00753_r.r1l5 0 0 0 
 NA-ACK_13601123_00753_r.r1l6 1 1 1 
 NA-ACK_13601123_00753_r.r1l7 2 2 2 
 NA-ACK_13601123_00753_r.r1l8 1 1 1 
 NA-ACK_13601123_00753_r.r1l9 0 0 0 
 CG-L_219.r1l10 0 0 0 
 CG-L_219.r1l11 3 1 1 
 CG-L_219.r1l12 2 2 2 
 CG-L_219.r1l13 1 0 0 
 CG-L_219.r1l14 1 0 0 
 CG-L_219.r1l15 0 0 0 
 CG-L_219.r1l16 0 0 0 
 CG-L_219.r1l17 0 0 0 
 CG-L_219.r1l18 2 2 1 
 CG-L_219.r1l19 0 0 0 
 CG-L_219.r1l1 4 1 0 
 CG-L_219.r1l20 0 0 0 
 CG-L_219.r1l21 0 0 0 
 CG-L_219.r1l22 0 0 0 
 CG-L_219.r1l23 0 0 0 
 CG-L_219.r1l24 0 0 0 
 CG-L_219.r1l25 0 0 0 
 CG-L_219.r1l26 0 0 0 
 CG-L_219.r1l27 2 2 2 
 CG-L_219.r1l28 0 0 0 
 CG-L_219.r1l29 0 0 0 
 CG-L_219.r1l2 2 3 1 
 CG-L_219.r1l30 0 0 0 
 CG-L_219.r1l31 0 0 0 
 CG-L_219.r1l32 0 0 0 
 CG-L_219.r1l33 0 0 0 
 CG-L_219.r1l34 0 0 0 
 CG-L_219.r1l35 1 0 0 
 CG-L_219.r1l36 1 1 0 
 CG-L_219.r1l3 1 0 0 
 CG-L_219.r1l4 2 3 1 
 CG-L_219.r1l5 0 0 0 
 CG-L_219.r1l6 0 0 0 
 CG-L_219.r1l7 1 0 0 
 CG-L_219.r1l8 0 0 0 
 CG-L_219.r1l9 8 5 4 
 NA-ACK_13490217_00327_r._1563972464829_35 0 1 0 
 NA-ACK_13490217_00327_r.r1l10 0 0 0 
 NA-ACK_13490217_00327_r.r1l11 0 0 0 
 NA-ACK_13490217_00327_r.r1l12 2 1 1 
 NA-ACK_13490217_00327_r.r1l13 1 0 0 
 NA-ACK_13490217_00327_r.r1l14 1 0 0 
 NA-ACK_13490217_00327_r.r1l15 1 1 0 
 NA-ACK_13490217_00327_r.r1l16 2 2 0 
 NA-ACK_13490217_00327_r.r1l17 0 0 0 
 NA-ACK_13490217_00327_r.r1l18 1 0 0 
 NA-ACK_13490217_00327_r.r1l19 0 0 0 
 NA-ACK_13490217_00327_r.r1l1 3 2 1 
 NA-ACK_13490217_00327_r.r1l20 0 0 0 
 NA-ACK_13490217_00327_r.r1l21 0 0 0 
 NA-ACK_13490217_00327_r.r1l22 1 0 0 
 NA-ACK_13490217_00327_r.r1l23 0 0 0 
 NA-ACK_13490217_00327_r.r1l24 0 0 0 
 NA-ACK_13490217_00327_r.r1l25 0 0 0 
 NA-ACK_13490217_00327_r.r1l26 0 1 0 
 NA-ACK_13490217_00327_r.r1l27 0 0 0 
 NA-ACK_13490217_00327_r.r1l28 1 1 1 
 NA-ACK_13490217_00327_r.r1l29 0 0 0 
 NA-ACK_13490217_00327_r.r1l2 2 2 1 
 NA-ACK_13490217_00327_r.r1l30 0 0 0 
 NA-ACK_13490217_00327_r.r1l31 3 3 1 
 NA-ACK_13490217_00327_r.r1l32 0 0 0 
 NA-ACK_13490217_00327_r.r1l33 3 1 0 
 NA-ACK_13490217_00327_r.r1l34 1 1 0 
 NA-ACK_13490217_00327_r.r1l3 7 5 2 
 NA-ACK_13490217_00327_r.r1l4 6 5 5 
 NA-ACK_13490217_00327_r.r1l5 2 1 1 
 NA-ACK_13490217_00327_r.r1l6 3 3 3 
 NA-ACK_13490217_00327_r.r1l7 1 1 1 
 NA-ACK_13490217_00327_r.r1l8 0 0 0 
 NA-ACK_13490217_00327_r.r1l9 0 0 0 
 NA-RM_14171002_2320_r.r1l10 0 0 0 
 NA-RM_14171002_2320_r.r1l11 0 0 0 
 NA-RM_14171002_2320_r.r1l12 0 0 0 
 NA-RM_14171002_2320_r.r1l13 0 0 0 
 NA-RM_14171002_2320_r.r1l14 0 0 0 
 NA-RM_14171002_2320_r.r1l15 0 0 0 
 NA-RM_14171002_2320_r.r1l16 0 0 0 
 NA-RM_14171002_2320_r.r1l17 0 0 0 
 NA-RM_14171002_2320_r.r1l18 0 0 0 
 NA-RM_14171002_2320_r.r1l19 0 0 0 
 NA-RM_14171002_2320_r.r1l1 9 8 6 
 NA-RM_14171002_2320_r.r1l20 0 0 0 
 NA-RM_14171002_2320_r.r1l21 0 0 0 
 NA-RM_14171002_2320_r.r1l22 0 0 0 
 NA-RM_14171002_2320_r.r1l23 2 0 0 
 NA-RM_14171002_2320_r.r1l24 2 0 0 
 NA-RM_14171002_2320_r.r1l25 0 0 0 
 NA-RM_14171002_2320_r.r1l26 0 0 0 
 NA-RM_14171002_2320_r.r1l27 0 0 0 
 NA-RM_14171002_2320_r.r1l28 0 0 0 
 NA-RM_14171002_2320_r.r1l29 1 0 0 
 NA-RM_14171002_2320_r.r1l2 6 5 4 
 NA-RM_14171002_2320_r.r1l30 0 0 0 
 NA-RM_14171002_2320_r.r1l31 1 1 0 
 NA-RM_14171002_2320_r.r1l32 0 0 0 
 NA-RM_14171002_2320_r.r1l33 0 0 0 
 NA-RM_14171002_2320_r.r1l34 0 0 0 
 NA-RM_14171002_2320_r.r1l35 0 0 0 
 NA-RM_14171002_2320_r.r1l36 2 1 1 
 NA-RM_14171002_2320_r.r1l37 1 1 0 
 NA-RM_14171002_2320_r.r1l3 2 0 0 
 NA-RM_14171002_2320_r.r1l5 6 3 1 
 NA-RM_14171002_2320_r.r1l6 4 3 0 
 NA-RM_14171002_2320_r.r1l7 0 1 0 
 NA-RM_14171002_2320_r.r1l8 0 0 0 
 NA-RM_14171002_2320_r.r1l9 0 0 0 
 NA-ACK_14310602_01527_r.r1l10 3 2 2 
 NA-ACK_14310602_01527_r.r1l11 1 1 0 
 NA-ACK_14310602_01527_r.r1l1 4 2 0 
 NA-ACK_14310602_01527_r.r1l2 3 3 2 
 NA-ACK_14310602_01527_r.r1l3 0 0 0 
 NA-ACK_14310602_01527_r.r1l4 0 0 0 
 NA-ACK_14310602_01527_r.r1l5 0 0 0 
 NA-ACK_14310602_01527_r.r1l6 0 0 0 
 NA-ACK_14310602_01527_r.r1l7 6 4 3 
 NA-ACK_14310602_01527_r.r1l8 8 6 4 
 NA-ACK_14310602_01527_r.r1l9 2 1 1 
 NA-ACK_13550309_00471_r.r1l10 0 0 0 
 NA-ACK_13550309_00471_r.r1l11 2 1 1 
 NA-ACK_13550309_00471_r.r1l12 1 1 0 
 NA-ACK_13550309_00471_r.r1l1 3 3 2 
 NA-ACK_13550309_00471_r.r1l2 0 0 0 
 NA-ACK_13550309_00471_r.r1l3 1 0 0 
 NA-ACK_13550309_00471_r.r1l4 3 3 2 
 NA-ACK_13550309_00471_r.r1l5 2 2 2 
 NA-ACK_13550309_00471_r.r1l6 0 0 0 
 NA-ACK_13550309_00471_r.r1l7 0 0 0 
 NA-ACK_13550309_00471_r.r1l8 1 1 1 
 NA-ACK_13550309_00471_r.r1l9 0 0 0 
 NA-AZK-Chotesov_14311109_2166_r.r1l10 0 0 0 
 NA-AZK-Chotesov_14311109_2166_r.r1l11 2 0 0 
 NA-AZK-Chotesov_14311109_2166_r.r1l12 2 2 0 
 NA-AZK-Chotesov_14311109_2166_r.r1l13 0 0 0 
 NA-AZK-Chotesov_14311109_2166_r.r1l14 0 0 0 
 NA-AZK-Chotesov_14311109_2166_r.r1l15 0 0 0 
 NA-AZK-Chotesov_14311109_2166_r.r1l16 0 0 0 
 NA-AZK-Chotesov_14311109_2166_r.r1l17 0 0 0 
 NA-AZK-Chotesov_14311109_2166_r.r1l18 0 0 0 
 NA-AZK-Chotesov_14311109_2166_r.r1l19 0 0 0 
 NA-AZK-Chotesov_14311109_2166_r.r1l1 4 4 3 
 NA-AZK-Chotesov_14311109_2166_r.r1l20 0 0 0 
 NA-AZK-Chotesov_14311109_2166_r.r1l21 0 0 0 
 NA-AZK-Chotesov_14311109_2166_r.r1l22 0 0 0 
 NA-AZK-Chotesov_14311109_2166_r.r1l23 0 0 0 
 NA-AZK-Chotesov_14311109_2166_r.r1l24 1 1 0 
 NA-AZK-Chotesov_14311109_2166_r.r1l25 0 0 0 
 NA-AZK-Chotesov_14311109_2166_r.r1l26 0 0 0 
 NA-AZK-Chotesov_14311109_2166_r.r1l27 0 0 0 
 NA-AZK-Chotesov_14311109_2166_r.r1l28 0 0 0 
 NA-AZK-Chotesov_14311109_2166_r.r1l29 1 1 1 
 NA-AZK-Chotesov_14311109_2166_r.r1l2 2 1 1 
 NA-AZK-Chotesov_14311109_2166_r.r1l30 0 0 0 
 NA-AZK-Chotesov_14311109_2166_r.r1l31 3 3 3 
 NA-AZK-Chotesov_14311109_2166_r.r1l32 0 1 0 
 NA-AZK-Chotesov_14311109_2166_r.r1l33 7 5 4 
 NA-AZK-Chotesov_14311109_2166_r.r1l34 3 1 0 
 NA-AZK-Chotesov_14311109_2166_r.r1l35 1 1 1 
 NA-AZK-Chotesov_14311109_2166_r.r1l36 1 1 0 
 NA-AZK-Chotesov_14311109_2166_r.r1l3 1 1 1 
 NA-AZK-Chotesov_14311109_2166_r.r1l4 1 0 0 
 NA-AZK-Chotesov_14311109_2166_r.r1l5 1 1 1 
 NA-AZK-Chotesov_14311109_2166_r.r1l6 3 3 3 
 NA-AZK-Chotesov_14311109_2166_r.r1l7 0 0 0 
 NA-AZK-Chotesov_14311109_2166_r.r1l8 2 0 0 
 NA-AZK-Chotesov_14311109_2166_r.r1l9 0 0 0 
 NA-ACK_13570628_00617_r.r1l10 1 1 0 
 NA-ACK_13570628_00617_r.r1l11 0 0 0 
 NA-ACK_13570628_00617_r.r1l12 2 2 2 
 NA-ACK_13570628_00617_r.r1l13 1 0 0 
 NA-ACK_13570628_00617_r.r1l14 0 0 0 
 NA-ACK_13570628_00617_r.r1l15 1 0 0 
 NA-ACK_13570628_00617_r.r1l16 4 3 3 
 NA-ACK_13570628_00617_r.r1l17 0 0 0 
 NA-ACK_13570628_00617_r.r1l18 4 4 2 
 NA-ACK_13570628_00617_r.r1l19 1 1 1 
 NA-ACK_13570628_00617_r.r1l1 3 0 0 
 NA-ACK_13570628_00617_r.r1l20 4 2 1 
 NA-ACK_13570628_00617_r.r1l21 2 1 0 
 NA-ACK_13570628_00617_r.r1l22 1 1 1 
 NA-ACK_13570628_00617_r.r1l23 1 1 1 
 NA-ACK_13570628_00617_r.r1l2 1 1 0 
 NA-ACK_13570628_00617_r.r1l3 2 1 1 
 NA-ACK_13570628_00617_r.r1l4 2 2 2 
 NA-ACK_13570628_00617_r.r1l5 1 1 0 
 NA-ACK_13570628_00617_r.r1l6 0 0 0 
 NA-ACK_13570628_00617_r.r1l7 1 1 1 
 NA-ACK_13570628_00617_r.r1l8 1 1 0 
 NA-ACK_13570628_00617_r.r1l9 2 2 1 
 NA-CG-L_14290718_204_r.r1l10 5 3 1 
 NA-CG-L_14290718_204_r.r1l11 0 0 0 
 NA-CG-L_14290718_204_r.r1l12 0 0 0 
 NA-CG-L_14290718_204_r.r1l13 0 0 0 
 NA-CG-L_14290718_204_r.r1l14 0 0 0 
 NA-CG-L_14290718_204_r.r1l15 0 0 0 
 NA-CG-L_14290718_204_r.r1l16 1 0 0 
 NA-CG-L_14290718_204_r.r1l17 0 0 0 
 NA-CG-L_14290718_204_r.r1l18 0 0 0 
 NA-CG-L_14290718_204_r.r1l19 0 0 0 
 NA-CG-L_14290718_204_r.r1l1 3 2 0 
 NA-CG-L_14290718_204_r.r1l20 0 0 0 
 NA-CG-L_14290718_204_r.r1l21 0 0 0 
 NA-CG-L_14290718_204_r.r1l22 0 0 0 
 NA-CG-L_14290718_204_r.r1l24 1 1 0 
 NA-CG-L_14290718_204_r.r1l26 1 1 0 
 NA-CG-L_14290718_204_r.r1l2 0 0 0 
 NA-CG-L_14290718_204_r.r1l3 0 0 0 
 NA-CG-L_14290718_204_r.r1l4 0 0 0 
 NA-CG-L_14290718_204_r.r1l5 1 1 1 
 NA-CG-L_14290718_204_r.r1l6 1 0 0 
 NA-CG-L_14290718_204_r.r1l7 0 0 0 
 NA-CG-L_14290718_204_r.r1l8 2 1 1 
 NA-CG-L_14290718_204_r.r1l9 5 3 2 
 NA-CG-L_14350304_223_r.r1l10 0 0 0 
 NA-CG-L_14350304_223_r.r1l11 0 0 0 
 NA-CG-L_14350304_223_r.r1l12 0 0 0 
 NA-CG-L_14350304_223_r.r1l13 0 0 0 
 NA-CG-L_14350304_223_r.r1l14 1 0 0 
 NA-CG-L_14350304_223_r.r1l15 0 0 0 
 NA-CG-L_14350304_223_r.r1l16 0 0 0 
 NA-CG-L_14350304_223_r.r1l17 1 1 1 
 NA-CG-L_14350304_223_r.r1l18 1 1 0 
 NA-CG-L_14350304_223_r.r1l1 3 3 0 
 NA-CG-L_14350304_223_r.r1l2 0 0 0 
 NA-CG-L_14350304_223_r.r1l3 2 0 0 
 NA-CG-L_14350304_223_r.r1l4 0 0 0 
 NA-CG-L_14350304_223_r.r1l5 0 0 0 
 NA-CG-L_14350304_223_r.r1l6 3 0 0 
 NA-CG-L_14350304_223_r.r1l7 1 1 1 
 NA-CG-L_14350304_223_r.r1l8 0 0 0 
 NA-CG-L_14350304_223_r.r1l9 0 0 0 
 NA-AZK-Chotesov_14370704_2173_r.r1l10 2 3 1 
 NA-AZK-Chotesov_14370704_2173_r.r1l11 4 4 3 
 NA-AZK-Chotesov_14370704_2173_r.r1l12 3 2 0 
 NA-AZK-Chotesov_14370704_2173_r.r1l13 3 3 0 
 NA-AZK-Chotesov_14370704_2173_r.r1l14 2 0 0 
 NA-AZK-Chotesov_14370704_2173_r.r1l15 0 0 0 
 NA-AZK-Chotesov_14370704_2173_r.r1l16 0 0 0 
 NA-AZK-Chotesov_14370704_2173_r.r1l17 2 2 0 
 NA-AZK-Chotesov_14370704_2173_r.r1l18 10 10 2 
 NA-AZK-Chotesov_14370704_2173_r.r1l19 2 0 0 
 NA-AZK-Chotesov_14370704_2173_r.r1l20 1 0 0 
 NA-AZK-Chotesov_14370704_2173_r.r1l21 1 1 0 
 NA-AZK-Chotesov_14370704_2173_r.r1l2 7 2 0 
 NA-AZK-Chotesov_14370704_2173_r.r1l3 2 2 0 
 NA-AZK-Chotesov_14370704_2173_r.r1l4 1 1 0 
 NA-AZK-Chotesov_14370704_2173_r.r1l5 4 2 1 
 NA-AZK-Chotesov_14370704_2173_r.r1l6 0 0 0 
 NA-AZK-Chotesov_14370704_2173_r.r1l7 3 1 0 
 NA-AZK-Chotesov_14370704_2173_r.r1l8 7 1 1 
 NA-AZK-Chotesov_14370704_2173_r.r1l9 6 6 1 
 NA-ACK_13530824_00418_r._1570456410360_183 2 2 1 
 NA-ACK_13530824_00418_r.r1l10 0 0 0 
 NA-ACK_13530824_00418_r.r1l11 0 0 0 
 NA-ACK_13530824_00418_r.r1l12 0 0 0 
 NA-ACK_13530824_00418_r.r1l13 2 2 1 
 NA-ACK_13530824_00418_r.r1l14 1 1 0 
 NA-ACK_13530824_00418_r.r1l1 2 1 1 
 NA-ACK_13530824_00418_r.r1l2 2 2 1 
 NA-ACK_13530824_00418_r.r1l3 2 2 1 
 NA-ACK_13530824_00418_r.r1l4 0 0 0 
 NA-ACK_13530824_00418_r.r1l5 0 0 0 
 NA-ACK_13530824_00418_r.r1l6 0 0 0 
 NA-ACK_13530824_00418_r.r1l7 1 1 1 
 NA-ACK_13530824_00418_r.r1l9 0 0 0 
 NA-ACK_13110616_00066_r.r1l10 0 0 0 
 NA-ACK_13110616_00066_r.r1l11 0 0 0 
 NA-ACK_13110616_00066_r.r1l12 2 2 2 
 NA-ACK_13110616_00066_r.r1l1 2 2 0 
 NA-ACK_13110616_00066_r.r1l2 1 3 0 
 NA-ACK_13110616_00066_r.r1l3 0 0 0 
 NA-ACK_13110616_00066_r.r1l5 3 6 2 
 NA-ACK_13110616_00066_r.r1l6 1 1 0 
 NA-ACK_13110616_00066_r.r1l7 0 0 0 
 NA-ACK_13110616_00066_r.r1l8 0 0 0 
 NA-ACK_13110616_00066_r.r1l9 0 0 0 
 NA-ACK_13740629_01159_r._1573224755048_69 0 0 0 
 NA-ACK_13740629_01159_r._1573224760468_74 1 0 0 
 NA-ACK_13740629_01159_r.r2l10 2 1 1 
 NA-ACK_13740629_01159_r.r2l11 6 5 3 
 NA-ACK_13740629_01159_r.r2l12 2 1 0 
 NA-ACK_13740629_01159_r.r2l13 1 1 1 
 NA-ACK_13740629_01159_r.r2l14 4 3 1 
 NA-ACK_13740629_01159_r.r2l15 4 3 3 
 NA-ACK_13740629_01159_r.r2l16 2 2 1 
 NA-ACK_13740629_01159_r.r2l17 1 1 1 
 NA-ACK_13740629_01159_r.r2l18 1 0 0 
 NA-ACK_13740629_01159_r.r2l19 0 0 0 
 NA-ACK_13740629_01159_r.r2l20 5 3 2 
 NA-ACK_13740629_01159_r.r2l21 2 2 2 
 NA-ACK_13740629_01159_r.r2l22 2 2 2 
 NA-ACK_13740629_01159_r.r2l23 0 0 0 
 NA-ACK_13740629_01159_r.r2l24 5 3 2 
 NA-ACK_13740629_01159_r.r2l25 1 1 1 
 NA-ACK_13740629_01159_r.r2l26 1 1 1 
 NA-ACK_13740629_01159_r.r2l27 0 0 0 
 NA-ACK_13740629_01159_r.r2l28 3 2 2 
 NA-ACK_13740629_01159_r.r2l29 8 6 4 
 NA-ACK_13740629_01159_r.r2l30 1 1 1 
 NA-ACK_13740629_01159_r.r2l31 2 2 2 
 NA-ACK_13740629_01159_r.r2l32 3 3 3 
 NA-ACK_13740629_01159_r.r2l33 3 3 3 
 NA-ACK_13740629_01159_r.r2l34 0 0 0 
 NA-ACK_13740629_01159_r.r2l35 0 0 0 
 NA-ACK_13740629_01159_r.r2l36 0 0 0 
 NA-ACK_13740629_01159_r.r2l37 2 2 2 
 NA-ACK_13740629_01159_r.r2l39 0 0 0 
 NA-ACK_13740629_01159_r.r2l3 2 1 1 
 NA-ACK_13740629_01159_r.r2l40 1 1 1 
 NA-ACK_13740629_01159_r.r2l41 3 1 1 
 NA-ACK_13740629_01159_r.r2l42 1 0 0 
 NA-ACK_13740629_01159_r.r2l43 1 0 0 
 NA-ACK_13740629_01159_r.r2l44 0 0 0 
 NA-ACK_13740629_01159_r.r2l45 0 0 0 
 NA-ACK_13740629_01159_r.r2l46 0 0 0 
 NA-ACK_13740629_01159_r.r2l47 0 0 0 
 NA-ACK_13740629_01159_r.r2l48 0 0 0 
 NA-ACK_13740629_01159_r.r2l49 0 0 0 
 NA-ACK_13740629_01159_r.r2l4 2 2 1 
 NA-ACK_13740629_01159_r.r2l50 0 0 0 
 NA-ACK_13740629_01159_r.r2l51 0 0 0 
 NA-ACK_13740629_01159_r.r2l52 0 0 0 
 NA-ACK_13740629_01159_r.r2l53 0 0 0 
 NA-ACK_13740629_01159_r.r2l54 0 0 0 
 NA-ACK_13740629_01159_r.r2l55 2 1 0 
 NA-ACK_13740629_01159_r.r2l56 3 2 0 
 NA-ACK_13740629_01159_r.r2l57 17 10 0 
 NA-ACK_13740629_01159_r.r2l58 14 9 4 
 NA-ACK_13740629_01159_r.r2l59 16 11 0 
 NA-ACK_13740629_01159_r.r2l5 6 3 1 
 NA-ACK_13740629_01159_r.r2l60 19 8 0 
 NA-ACK_13740629_01159_r.r2l61 14 10 2 
 NA-ACK_13740629_01159_r.r2l62 2 1 0 
 NA-ACK_13740629_01159_r.r2l63 1 1 0 
 NA-ACK_13740629_01159_r.r2l6 4 3 3 
 NA-ACK_13740629_01159_r.r2l7 5 2 2 
 NA-ACK_13740629_01159_r.r2l8 2 2 1 
 NA-ACK_13740629_01159_r.r2l9 4 2 2 
 NA-CG-L_14280217_201_r.r1l10 0 0 0 
 NA-CG-L_14280217_201_r.r1l11 0 0 0 
 NA-CG-L_14280217_201_r.r1l12 1 1 1 
 NA-CG-L_14280217_201_r.r1l13 0 0 0 
 NA-CG-L_14280217_201_r.r1l14 0 0 0 
 NA-CG-L_14280217_201_r.r1l15 3 3 1 
 NA-CG-L_14280217_201_r.r1l16 7 7 2 
 NA-CG-L_14280217_201_r.r1l17 3 2 0 
 NA-CG-L_14280217_201_r.r1l18 1 1 1 
 NA-CG-L_14280217_201_r.r1l1 3 2 0 
 NA-CG-L_14280217_201_r.r1l2 2 0 0 
 NA-CG-L_14280217_201_r.r1l3 2 1 1 
 NA-CG-L_14280217_201_r.r1l4 2 0 0 
 NA-CG-L_14280217_201_r.r1l5 0 0 0 
 NA-CG-L_14280217_201_r.r1l6 0 0 0 
 NA-CG-L_14280217_201_r.r1l7 0 0 0 
 NA-CG-L_14280217_201_r.r1l8 0 0 0 
 NA-CG-L_14280217_201_r.r1l9 1 0 0 
 NA-ACK_13660618_00961_r.r2l10 2 2 1 
 NA-ACK_13660618_00961_r.r2l11 7 6 4 
 NA-ACK_13660618_00961_r.r2l12 9 8 6 
 NA-ACK_13660618_00961_r.r2l13 7 4 3 
 NA-ACK_13660618_00961_r.r2l14 5 5 3 
 NA-ACK_13660618_00961_r.r2l15 0 0 0 
 NA-ACK_13660618_00961_r.r2l16 0 0 0 
 NA-ACK_13660618_00961_r.r2l17 0 0 0 
 NA-ACK_13660618_00961_r.r2l18 1 1 0 
 NA-ACK_13660618_00961_r.r2l19 3 3 3 
 NA-ACK_13660618_00961_r.r2l20 0 0 0 
 NA-ACK_13660618_00961_r.r2l21 0 0 0 
 NA-ACK_13660618_00961_r.r2l22 3 2 2 
 NA-ACK_13660618_00961_r.r2l23 2 2 1 
 NA-ACK_13660618_00961_r.r2l24 2 1 1 
 NA-ACK_13660618_00961_r.r2l25 4 4 3 
 NA-ACK_13660618_00961_r.r2l26 4 4 3 
 NA-ACK_13660618_00961_r.r2l27 5 5 4 
 NA-ACK_13660618_00961_r.r2l28 4 4 2 
 NA-ACK_13660618_00961_r.r2l29 5 5 2 
 NA-ACK_13660618_00961_r.r2l30 7 7 3 
 NA-ACK_13660618_00961_r.r2l31 4 2 2 
 NA-ACK_13660618_00961_r.r2l32 0 0 0 
 NA-ACK_13660618_00961_r.r2l33 0 0 0 
 NA-ACK_13660618_00961_r.r2l34 0 0 0 
 NA-ACK_13660618_00961_r.r2l35 5 5 3 
 NA-ACK_13660618_00961_r.r2l36 5 5 2 
 NA-ACK_13660618_00961_r.r2l37 0 0 0 
 NA-ACK_13660618_00961_r.r2l38 0 0 0 
 NA-ACK_13660618_00961_r.r2l39 0 0 0 
 NA-ACK_13660618_00961_r.r2l40 0 0 0 
 NA-ACK_13660618_00961_r.r2l41 1 1 1 
 NA-ACK_13660618_00961_r.r2l42 0 0 0 
 NA-ACK_13660618_00961_r.r2l44 0 0 0 
 NA-ACK_13660618_00961_r.r2l45 0 0 0 
 NA-ACK_13660618_00961_r.r2l46 1 1 0 
 NA-ACK_13660618_00961_r.r2l47 0 0 0 
 NA-ACK_13660618_00961_r.r2l48 2 1 0 
 NA-ACK_13660618_00961_r.r2l49 1 1 0 
 NA-ACK_13660618_00961_r.r2l4 2 2 0 
 NA-ACK_13660618_00961_r.r2l5 4 3 2 
 NA-ACK_13660618_00961_r.r2l6 9 6 4 
 NA-ACK_13660618_00961_r.r2l7 0 0 0 
 NA-ACK_13660618_00961_r.r2l8 0 0 0 
 NA-ACK_13660618_00961_r.r2l9 1 0 0 
 NA-ACK_14540306_01588_M.r2l10 1 0 0 
 NA-ACK_14540306_01588_M.r2l11 0 0 0 
 NA-ACK_14540306_01588_M.r2l12 0 0 0 
 NA-ACK_14540306_01588_M.r2l13 0 0 0 
 NA-ACK_14540306_01588_M.r2l14 0 0 0 
 NA-ACK_14540306_01588_M.r2l15 1 0 0 
 NA-ACK_14540306_01588_M.r2l16 0 0 0 
 NA-ACK_14540306_01588_M.r2l17 0 0 0 
 NA-ACK_14540306_01588_M.r2l18 1 0 0 
 NA-ACK_14540306_01588_M.r2l19 0 0 0 
 NA-ACK_14540306_01588_M.r2l20 0 0 0 
 NA-ACK_14540306_01588_M.r2l21 0 0 0 
 NA-ACK_14540306_01588_M.r2l22 2 2 0 
 NA-ACK_14540306_01588_M.r2l2 7 0 0 
 NA-ACK_14540306_01588_M.r2l3 3 3 2 
 NA-ACK_14540306_01588_M.r2l4 5 5 4 
 NA-ACK_14540306_01588_M.r2l5 0 0 0 
 NA-ACK_14540306_01588_M.r2l6 4 4 3 
 NA-ACK_14540306_01588_M.r2l7 0 0 0 
 NA-ACK_14540306_01588_M.r2l8 1 0 0 
 NA-ACK_14540306_01588_M.r2l9 0 0 0 
 462m.r1l10 0 0 0 
 462m.r1l11 1 1 1 
 462m.r1l12 1 1 1 
 462m.r1l13 1 1 1 
 462m.r1l14 1 1 1 
 462m.r1l15 3 3 2 
 462m.r1l16 2 2 2 
 462m.r1l17 0 0 0 
 462m.r1l18 0 0 0 
 462m.r1l19 0 0 0 
 462m.r1l20 1 1 1 
 462m.r1l21 0 0 0 
 462m.r1l22 3 2 2 
 462m.r1l23 2 2 1 
 462m.r1l24 2 2 2 
 462m.r1l25 1 0 0 
 462m.r1l2 1 0 0 
 462m.r1l3 2 2 1 
 462m.r1l4 4 4 3 
 462m.r1l5 0 0 0 
 462m.r1l6 0 0 0 
 462m.r1l7 3 3 2 
 462m.r1l8 1 1 1 
 462m.r1l9 1 1 1 
 NA-ACK_13671204_00999_r._1573647000257_158 2 0 0 
 NA-ACK_13671204_00999_r._1573647004431_163 1 1 1 
 NA-ACK_13671204_00999_r._1573647007700_168 0 1 0 
 NA-ACK_13671204_00999_r.r1l10 0 0 0 
 NA-ACK_13671204_00999_r.r1l11 3 0 0 
 NA-ACK_13671204_00999_r.r1l12 2 2 2 
 NA-ACK_13671204_00999_r.r1l13 2 2 0 
 NA-ACK_13671204_00999_r.r1l14 1 1 1 
 NA-ACK_13671204_00999_r.r1l15 1 0 0 
 NA-ACK_13671204_00999_r.r1l16 2 2 2 
 NA-ACK_13671204_00999_r.r1l17 0 0 0 
 NA-ACK_13671204_00999_r.r1l18 1 0 0 
 NA-ACK_13671204_00999_r.r1l19 2 2 2 
 NA-ACK_13671204_00999_r.r1l20 0 0 0 
 NA-ACK_13671204_00999_r.r1l21 0 0 0 
 NA-ACK_13671204_00999_r.r1l22 2 2 1 
 NA-ACK_13671204_00999_r.r1l23 1 1 0 
 NA-ACK_13671204_00999_r.r1l3 4 4 1 
 NA-ACK_13671204_00999_r.r1l4 0 0 0 
 NA-ACK_13671204_00999_r.r1l5 3 3 3 
 NA-ACK_13671204_00999_r.r1l6 2 1 1 
 NA-ACK_13671204_00999_r.r1l7 3 2 1 
 NA-ACK_13671204_00999_r.r1l8 8 7 4 
 NA-ACK_13671204_00999_r.r1l9 0 0 0 
 NA-ACK_13531029_00425_r._1563866367705_94 12 12 7 
 NA-ACK_13531029_00425_r.r2l10 5 5 4 
 NA-ACK_13531029_00425_r.r2l11 0 0 0 
 NA-ACK_13531029_00425_r.r2l12 0 0 0 
 NA-ACK_13531029_00425_r.r2l13 0 0 0 
 NA-ACK_13531029_00425_r.r2l14 0 0 0 
 NA-ACK_13531029_00425_r.r2l15 0 0 0 
 NA-ACK_13531029_00425_r.r2l16 0 0 0 
 NA-ACK_13531029_00425_r.r2l17 3 4 3 
 NA-ACK_13531029_00425_r.r2l18 2 2 2 
 NA-ACK_13531029_00425_r.r2l19 1 1 1 
 NA-ACK_13531029_00425_r.r2l20 2 2 2 
 NA-ACK_13531029_00425_r.r2l21 0 0 0 
 NA-ACK_13531029_00425_r.r2l22 4 3 2 
 NA-ACK_13531029_00425_r.r2l23 2 2 2 
 NA-ACK_13531029_00425_r.r2l24 2 2 1 
 NA-ACK_13531029_00425_r.r2l25 1 1 1 
 NA-ACK_13531029_00425_r.r2l2 3 2 1 
 NA-ACK_13531029_00425_r.r2l3 0 0 0 
 NA-ACK_13531029_00425_r.r2l4 2 2 1 
 NA-ACK_13531029_00425_r.r2l5 1 1 0 
 NA-ACK_13531029_00425_r.r2l6 3 2 1 
 NA-ACK_13531029_00425_r.r2l7 4 3 2 
 NA-ACK_13531029_00425_r.r2l8 3 3 2 
 NA-ACK_13270405_00124_r.r1l1 5 4 4 
 NA-ACK_13270405_00124_r.r1l2 6 5 2 
 NA-ACK_13270405_00124_r.r1l3 0 0 0 
 NA-ACK_13270405_00124_r.r1l4 2 0 0 
 NA-ACK_13270405_00124_r.r1l5 2 1 1 
 NA-ACK_13270405_00124_r.r1l6 0 0 0 
 NA-ACK_13270405_00124_r.r1l7 0 0 0 
 NA-ACK_13270405_00124_r.r1l8 2 2 1 
 NA-ACK_13270405_00124_r.r1l9 1 1 0 
 NA-RM_14361128_2330_r._1567169163997_323 1 1 1 
 NA-RM_14361128_2330_r._1567169305948_375 1 1 1 
 NA-RM_14361128_2330_r._1567169309062_378 1 0 0 
 NA-RM_14361128_2330_r.r1l10 0 0 0 
 NA-RM_14361128_2330_r.r1l11 0 0 0 
 NA-RM_14361128_2330_r.r1l12 0 0 0 
 NA-RM_14361128_2330_r.r1l13 0 0 0 
 NA-RM_14361128_2330_r.r1l14 1 0 0 
 NA-RM_14361128_2330_r.r1l15 0 0 0 
 NA-RM_14361128_2330_r.r1l16 2 1 0 
 NA-RM_14361128_2330_r.r1l17 1 1 0 
 NA-RM_14361128_2330_r.r1l1 1 0 0 
 NA-RM_14361128_2330_r.r1l2 1 1 1 
 NA-RM_14361128_2330_r.r1l3 2 2 0 
 NA-RM_14361128_2330_r.r1l4 0 0 0 
 NA-RM_14361128_2330_r.r1l5 0 0 0 
 NA-RM_14361128_2330_r.r1l6 1 0 0 
 NA-RM_14361128_2330_r.r1l7 1 0 0 
 NA-RM_14361128_2330_r.r1l8 1 1 1 
 NA-RM_14361128_2330_r.r1l9 1 0 0 
 NA-ACK_13540108_00455_r.r1l10 3 2 2 
 NA-ACK_13540108_00455_r.r1l11 0 0 0 
 NA-ACK_13540108_00455_r.r1l12 1 1 1 
 NA-ACK_13540108_00455_r.r1l13 0 0 0 
 NA-ACK_13540108_00455_r.r1l14 1 1 0 
 NA-ACK_13540108_00455_r.r1l15 0 0 0 
 NA-ACK_13540108_00455_r.r1l16 2 2 1 
 NA-ACK_13540108_00455_r.r1l17 1 1 0 
 NA-ACK_13540108_00455_r.r1l1 2 2 0 
 NA-ACK_13540108_00455_r.r1l2 0 0 0 
 NA-ACK_13540108_00455_r.r1l3 4 4 3 
 NA-ACK_13540108_00455_r.r1l4 0 0 0 
 NA-ACK_13540108_00455_r.r1l5 3 3 2 
 NA-ACK_13540108_00455_r.r1l6 2 2 1 
 NA-ACK_13540108_00455_r.r1l7 2 2 2 
 NA-ACK_13540108_00455_r.r1l8 0 0 0 
 NA-ACK_13540108_00455_r.r1l9 1 1 1 
 724m._1565169241966_189 1 0 0 
 724m.r2l10 1 1 1 
 724m.r2l11 3 3 3 
 724m.r2l12 1 1 1 
 724m.r2l13 2 2 1 
 724m.r2l14 1 1 0 
 724m.r2l2 5 4 3 
 724m.r2l3 1 1 1 
 724m.r2l4 3 3 3 
 724m.r2l5 0 0 0 
 724m.r2l6 2 2 2 
 724m.r2l7 1 1 1 
 724m.r2l8 1 1 1 
 724m.r2l9 1 0 0 
 NA-ACK_13600107_00712_r.r1l10 0 0 0 
 NA-ACK_13600107_00712_r.r1l11 0 0 0 
 NA-ACK_13600107_00712_r.r1l12 0 0 0 
 NA-ACK_13600107_00712_r.r1l13 0 0 0 
 NA-ACK_13600107_00712_r.r1l14 1 1 1 
 NA-ACK_13600107_00712_r.r1l15 0 0 0 
 NA-ACK_13600107_00712_r.r1l16 0 0 0 
 NA-ACK_13600107_00712_r.r1l17 0 0 0 
 NA-ACK_13600107_00712_r.r1l18 2 1 1 
 NA-ACK_13600107_00712_r.r1l19 1 1 1 
 NA-ACK_13600107_00712_r.r1l20 2 2 2 
 NA-ACK_13600107_00712_r.r1l21 0 0 0 
 NA-ACK_13600107_00712_r.r1l22 0 0 0 
 NA-ACK_13600107_00712_r.r1l23 2 2 1 
 NA-ACK_13600107_00712_r.r1l24 1 1 0 
 NA-ACK_13600107_00712_r.r1l2 3 2 1 
 NA-ACK_13600107_00712_r.r1l3 0 0 0 
 NA-ACK_13600107_00712_r.r1l4 1 0 0 
 NA-ACK_13600107_00712_r.r1l5 3 2 2 
 NA-ACK_13600107_00712_r.r1l6 1 1 1 
 NA-ACK_13600107_00712_r.r1l7 0 0 0 
 NA-ACK_13600107_00712_r.r1l8 1 1 1 
 NA-ACK_13600107_00712_r.r1l9 0 0 0 
 NA-ACK_14230111_01501_r._1574677663423_203 2 0 0 
 NA-ACK_14230111_01501_r._1574677667315_208 2 1 0 
 NA-ACK_14230111_01501_r.r1l10 0 0 0 
 NA-ACK_14230111_01501_r.r1l11 0 0 0 
 NA-ACK_14230111_01501_r.r1l12 2 1 0 
 NA-ACK_14230111_01501_r.r1l13 0 0 0 
 NA-ACK_14230111_01501_r.r1l14 1 1 0 
 NA-ACK_14230111_01501_r.r1l15 0 0 0 
 NA-ACK_14230111_01501_r.r1l16 1 0 0 
 NA-ACK_14230111_01501_r.r1l17 0 0 0 
 NA-ACK_14230111_01501_r.r1l18 5 3 2 
 NA-ACK_14230111_01501_r.r1l19 2 0 0 
 NA-ACK_14230111_01501_r.r1l1 6 5 4 
 NA-ACK_14230111_01501_r.r1l20 0 0 0 
 NA-ACK_14230111_01501_r.r1l21 0 0 0 
 NA-ACK_14230111_01501_r.r1l22 0 0 0 
 NA-ACK_14230111_01501_r.r1l23 0 0 0 
 NA-ACK_14230111_01501_r.r1l24 2 0 0 
 NA-ACK_14230111_01501_r.r1l25 3 3 2 
 NA-ACK_14230111_01501_r.r1l2 1 0 0 
 NA-ACK_14230111_01501_r.r1l3 0 0 0 
 NA-ACK_14230111_01501_r.r1l4 0 0 0 
 NA-ACK_14230111_01501_r.r1l5 0 0 0 
 NA-ACK_14230111_01501_r.r1l6 0 0 0 
 NA-ACK_14230111_01501_r.r1l7 0 0 0 
 NA-ACK_14230111_01501_r.r1l8 3 2 1 
 NA-ACK_14230111_01501_r.r1l9 1 0 0 
 NA-ACK_14390604_01560_M._1568644397239_442 2 2 0 
 NA-ACK_14390604_01560_M._1568644406964_447 2 1 0 
 NA-ACK_14390604_01560_M.r3l10 2 2 1 
 NA-ACK_14390604_01560_M.r3l11 1 1 0 
 NA-ACK_14390604_01560_M.r3l2 8 2 0 
 NA-ACK_14390604_01560_M.r3l3 3 0 0 
 NA-ACK_14390604_01560_M.r3l4 3 2 1 
 NA-ACK_14390604_01560_M.r3l5 3 0 0 
 NA-ACK_14390604_01560_M.r3l6 2 2 1 
 NA-ACK_14390604_01560_M.r3l7 2 0 0 
 NA-ACK_14390604_01560_M.r3l8 0 0 0 
 NA-ACK_14390604_01560_M.r3l9 0 0 0 
 NA-ACK_13481221_00322_r.r2l10 6 6 5 
 NA-ACK_13481221_00322_r.r2l11 3 3 2 
 NA-ACK_13481221_00322_r.r2l12 0 0 0 
 NA-ACK_13481221_00322_r.r2l13 0 0 0 
 NA-ACK_13481221_00322_r.r2l14 6 5 3 
 NA-ACK_13481221_00322_r.r2l15 3 3 2 
 NA-ACK_13481221_00322_r.r2l16 2 2 1 
 NA-ACK_13481221_00322_r.r2l17 0 0 0 
 NA-ACK_13481221_00322_r.r2l18 0 0 0 
 NA-ACK_13481221_00322_r.r2l19 1 1 1 
 NA-ACK_13481221_00322_r.r2l20 0 0 0 
 NA-ACK_13481221_00322_r.r2l21 1 0 0 
 NA-ACK_13481221_00322_r.r2l22 0 0 0 
 NA-ACK_13481221_00322_r.r2l23 11 11 5 
 NA-ACK_13481221_00322_r.r2l24 10 4 0 
 NA-ACK_13481221_00322_r.r2l25 2 2 1 
 NA-ACK_13481221_00322_r.r2l3 7 7 2 
 NA-ACK_13481221_00322_r.r2l4 0 0 0 
 NA-ACK_13481221_00322_r.r2l5 1 1 0 
 NA-ACK_13481221_00322_r.r2l6 8 5 4 
 NA-ACK_13481221_00322_r.r2l7 6 6 2 
 NA-ACK_13481221_00322_r.r2l8 0 0 0 
 NA-ACK_13481221_00322_r.r2l9 4 3 1 
 NA-ACK_14611216_01686_r._1573576812289_660 0 0 0 
 NA-ACK_14611216_01686_r._1573576816346_665 2 2 2 
 NA-ACK_14611216_01686_r.r1l10 1 1 1 
 NA-ACK_14611216_01686_r.r1l11 0 0 0 
 NA-ACK_14611216_01686_r.r1l12 0 0 0 
 NA-ACK_14611216_01686_r.r1l13 0 0 0 
 NA-ACK_14611216_01686_r.r1l14 1 1 1 
 NA-ACK_14611216_01686_r.r1l15 0 0 0 
 NA-ACK_14611216_01686_r.r1l16 0 0 0 
 NA-ACK_14611216_01686_r.r1l17 0 0 0 
 NA-ACK_14611216_01686_r.r1l18 1 1 1 
 NA-ACK_14611216_01686_r.r1l19 1 0 0 
 NA-ACK_14611216_01686_r.r1l1 6 0 0 
 NA-ACK_14611216_01686_r.r1l20 0 0 0 
 NA-ACK_14611216_01686_r.r1l21 1 0 0 
 NA-ACK_14611216_01686_r.r1l22 1 0 0 
 NA-ACK_14611216_01686_r.r1l23 1 0 0 
 NA-ACK_14611216_01686_r.r1l24 2 2 1 
 NA-ACK_14611216_01686_r.r1l25 1 1 0 
 NA-ACK_14611216_01686_r.r1l2 1 0 0 
 NA-ACK_14611216_01686_r.r1l4 4 2 1 
 NA-ACK_14611216_01686_r.r1l5 3 1 1 
 NA-ACK_14611216_01686_r.r1l6 2 0 0 
 NA-ACK_14611216_01686_r.r1l7 0 0 0 
 NA-ACK_14611216_01686_r.r1l8 0 0 0 
 NA-ACK_14611216_01686_r.r1l9 1 1 1 
 NA-CG-L_14330730_216_r.r1l10 0 0 0 
 NA-CG-L_14330730_216_r.r1l11 0 0 0 
 NA-CG-L_14330730_216_r.r1l12 0 0 0 
 NA-CG-L_14330730_216_r.r1l13 2 2 1 
 NA-CG-L_14330730_216_r.r1l14 1 1 0 
 NA-CG-L_14330730_216_r.r1l1 7 0 0 
 NA-CG-L_14330730_216_r.r1l2 2 2 1 
 NA-CG-L_14330730_216_r.r1l3 1 0 0 
 NA-CG-L_14330730_216_r.r1l4 0 0 0 
 NA-CG-L_14330730_216_r.r1l5 2 2 0 
 NA-CG-L_14330730_216_r.r1l6 0 0 0 
 NA-CG-L_14330730_216_r.r1l7 0 0 0 
 NA-CG-L_14330730_216_r.r1l8 0 0 0 
 NA-CG-L_14330730_216_r.r1l9 1 0 0 
 NA-ACK_13210611_00095_r.r1l10 1 0 0 
 NA-ACK_13210611_00095_r.r1l11 2 2 0 
 NA-ACK_13210611_00095_r.r1l12 2 0 0 
 NA-ACK_13210611_00095_r.r1l13 0 0 0 
 NA-ACK_13210611_00095_r.r1l15 2 0 0 
 NA-ACK_13210611_00095_r.r1l16 0 0 0 
 NA-ACK_13210611_00095_r.r1l17 1 1 0 
 NA-ACK_13210611_00095_r.r1l18 3 0 0 
 NA-ACK_13210611_00095_r.r1l19 2 0 0 
 NA-ACK_13210611_00095_r.r1l20 1 0 0 
 NA-ACK_13210611_00095_r.r1l21 2 2 1 
 NA-ACK_13210611_00095_r.r1l22 1 1 0 
 NA-ACK_13210611_00095_r.r1l2 5 5 4 
 NA-ACK_13210611_00095_r.r1l3 4 4 0 
 NA-ACK_13210611_00095_r.r1l4 5 3 3 
 NA-ACK_13210611_00095_r.r1l5 1 1 1 
 NA-ACK_13210611_00095_r.r1l6 2 1 0 
 NA-ACK_13210611_00095_r.r1l7 0 0 0 
 NA-ACK_13210611_00095_r.r1l8 3 2 1 
 NA-ACK_13210611_00095_r.r1l9 0 0 0 
 NA-AZK-Jiri_12241011_205_r.r1l10 2 0 0 
 NA-AZK-Jiri_12241011_205_r.r1l11 0 0 0 
 NA-AZK-Jiri_12241011_205_r.r1l13 0 0 0 
 NA-AZK-Jiri_12241011_205_r.r1l14 0 0 0 
 NA-AZK-Jiri_12241011_205_r.r1l17 1 0 0 
 NA-AZK-Jiri_12241011_205_r.r1l18 3 2 0 
 NA-AZK-Jiri_12241011_205_r.r1l19 4 3 0 
 NA-AZK-Jiri_12241011_205_r.r1l21 12 9 0 
 NA-AZK-Jiri_12241011_205_r.r1l22 10 8 1 
 NA-AZK-Jiri_12241011_205_r.r1l23 0 0 0 
 NA-AZK-Jiri_12241011_205_r.r1l2 2 0 0 
 NA-AZK-Jiri_12241011_205_r.r1l4 1 0 0 
 NA-AZK-Jiri_12241011_205_r.r1l6 2 1 1 
 NA-AZK-Jiri_12241011_205_r.r1l7 0 0 0 
 NA-AZK-Jiri_12241011_205_r.r1l8 1 1 0 
 NA-ACK_13210602_00092_r.r1l10 4 4 0 
 NA-ACK_13210602_00092_r.r1l11 2 2 1 
 NA-ACK_13210602_00092_r.r1l12 0 0 0 
 NA-ACK_13210602_00092_r.r1l13 0 0 0 
 NA-ACK_13210602_00092_r.r1l14 0 0 0 
 NA-ACK_13210602_00092_r.r1l15 1 0 0 
 NA-ACK_13210602_00092_r.r1l16 0 0 0 
 NA-ACK_13210602_00092_r.r1l17 0 0 0 
 NA-ACK_13210602_00092_r.r1l18 0 0 0 
 NA-ACK_13210602_00092_r.r1l19 0 0 0 
 NA-ACK_13210602_00092_r.r1l1 5 4 3 
 NA-ACK_13210602_00092_r.r1l20 0 0 0 
 NA-ACK_13210602_00092_r.r1l21 0 0 0 
 NA-ACK_13210602_00092_r.r1l22 2 2 1 
 NA-ACK_13210602_00092_r.r1l24 0 0 0 
 NA-ACK_13210602_00092_r.r1l25 2 1 0 
 NA-ACK_13210602_00092_r.r1l26 2 1 0 
 NA-ACK_13210602_00092_r.r1l27 1 0 0 
 NA-ACK_13210602_00092_r.r1l28 2 0 0 
 NA-ACK_13210602_00092_r.r1l29 2 0 0 
 NA-ACK_13210602_00092_r.r1l2 4 2 2 
 NA-ACK_13210602_00092_r.r1l30 0 0 0 
 NA-ACK_13210602_00092_r.r1l3 6 6 2 
 NA-ACK_13210602_00092_r.r1l4 0 0 0 
 NA-ACK_13210602_00092_r.r1l5 2 2 1 
 NA-ACK_13210602_00092_r.r1l6 0 0 0 
 NA-ACK_13210602_00092_r.r1l7 0 0 0 
 NA-ACK_13210602_00092_r.r1l8 1 1 0 
 NA-ACK_13210602_00092_r.r1l9 0 0 0 
 NA-ACK_13270720_00128_r.r1l10 1 1 0 
 NA-ACK_13270720_00128_r.r1l11 0 0 0 
 NA-ACK_13270720_00128_r.r1l12 1 1 1 
 NA-ACK_13270720_00128_r.r1l13 0 0 0 
 NA-ACK_13270720_00128_r.r1l14 0 0 0 
 NA-ACK_13270720_00128_r.r1l16 0 0 0 
 NA-ACK_13270720_00128_r.r1l18 0 0 0 
 NA-ACK_13270720_00128_r.r1l19 0 0 0 
 NA-ACK_13270720_00128_r.r1l1 4 4 3 
 NA-ACK_13270720_00128_r.r1l20 0 0 0 
 NA-ACK_13270720_00128_r.r1l21 2 0 0 
 NA-ACK_13270720_00128_r.r1l2 6 5 5 
 NA-ACK_13270720_00128_r.r1l3 3 3 2 
 NA-ACK_13270720_00128_r.r1l4 3 1 0 
 NA-ACK_13270720_00128_r.r1l5 0 0 0 
 NA-ACK_13270720_00128_r.r1l6 3 2 2 
 NA-ACK_13270720_00128_r.r1l7 1 1 1 
 NA-ACK_13270720_00128_r.r1l8 2 1 0 
 NA-ACK_13270720_00128_r.r1l9 0 0 0 
 NA-RM_14360921_2380_r.r1l10 0 0 0 
 NA-RM_14360921_2380_r.r1l11 0 0 0 
 NA-RM_14360921_2380_r.r1l12 0 0 0 
 NA-RM_14360921_2380_r.r1l13 1 1 1 
 NA-RM_14360921_2380_r.r1l14 1 1 1 
 NA-RM_14360921_2380_r.r1l15 2 2 1 
 NA-RM_14360921_2380_r.r1l16 1 1 0 
 NA-RM_14360921_2380_r.r1l18 1 1 0 
 NA-RM_14360921_2380_r.r1l1 1 0 0 
 NA-RM_14360921_2380_r.r1l2 2 1 1 
 NA-RM_14360921_2380_r.r1l3 0 0 0 
 NA-RM_14360921_2380_r.r1l4 0 0 0 
 NA-RM_14360921_2380_r.r1l5 0 0 0 
 NA-RM_14360921_2380_r.r1l6 2 0 0 
 NA-RM_14360921_2380_r.r1l7 1 0 0 
 NA-RM_14360921_2380_r.r1l8 1 0 0 
 NA-RM_14360921_2380_r.r1l9 0 0 0 
 NA-ACK_14361118_01546_r.r1l10 0 0 0 
 NA-ACK_14361118_01546_r.r1l11 1 0 0 
 NA-ACK_14361118_01546_r.r1l12 0 0 0 
 NA-ACK_14361118_01546_r.r1l13 0 0 0 
 NA-ACK_14361118_01546_r.r1l14 2 2 2 
 NA-ACK_14361118_01546_r.r1l15 0 0 0 
 NA-ACK_14361118_01546_r.r1l16 0 0 0 
 NA-ACK_14361118_01546_r.r1l17 0 0 0 
 NA-ACK_14361118_01546_r.r1l18 0 0 0 
 NA-ACK_14361118_01546_r.r1l19 2 0 0 
 NA-ACK_14361118_01546_r.r1l20 3 0 0 
 NA-ACK_14361118_01546_r.r1l21 0 0 0 
 NA-ACK_14361118_01546_r.r1l22 0 0 0 
 NA-ACK_14361118_01546_r.r1l23 0 0 0 
 NA-ACK_14361118_01546_r.r1l24 0 0 0 
 NA-ACK_14361118_01546_r.r1l25 0 0 0 
 NA-ACK_14361118_01546_r.r1l26 0 0 0 
 NA-ACK_14361118_01546_r.r1l27 2 0 0 
 NA-ACK_14361118_01546_r.r1l28 4 0 0 
 NA-ACK_14361118_01546_r.r1l29 2 0 0 
 NA-ACK_14361118_01546_r.r1l2 2 0 0 
 NA-ACK_14361118_01546_r.r1l30 0 0 0 
 NA-ACK_14361118_01546_r.r1l31 3 2 2 
 NA-ACK_14361118_01546_r.r1l32 3 2 2 
 NA-ACK_14361118_01546_r.r1l33 0 0 0 
 NA-ACK_14361118_01546_r.r1l34 2 1 1 
 NA-ACK_14361118_01546_r.r1l35 0 0 0 
 NA-ACK_14361118_01546_r.r1l36 0 0 0 
 NA-ACK_14361118_01546_r.r1l37 0 0 0 
 NA-ACK_14361118_01546_r.r1l38 0 0 0 
 NA-ACK_14361118_01546_r.r1l39 0 0 0 
 NA-ACK_14361118_01546_r.r1l3 5 4 3 
 NA-ACK_14361118_01546_r.r1l40 0 0 0 
 NA-ACK_14361118_01546_r.r1l41 0 0 0 
 NA-ACK_14361118_01546_r.r1l42 1 0 0 
 NA-ACK_14361118_01546_r.r1l43 1 0 0 
 NA-ACK_14361118_01546_r.r1l44 0 0 0 
 NA-ACK_14361118_01546_r.r1l45 0 0 0 
 NA-ACK_14361118_01546_r.r1l46 0 0 0 
 NA-ACK_14361118_01546_r.r1l47 2 2 2 
 NA-ACK_14361118_01546_r.r1l48 2 1 1 
 NA-ACK_14361118_01546_r.r1l49 4 0 0 
 NA-ACK_14361118_01546_r.r1l4 9 8 4 
 NA-ACK_14361118_01546_r.r1l50 0 0 0 
 NA-ACK_14361118_01546_r.r1l51 1 0 0 
 NA-ACK_14361118_01546_r.r1l52 0 1 0 
 NA-ACK_14361118_01546_r.r1l53 0 0 0 
 NA-ACK_14361118_01546_r.r1l54 0 0 0 
 NA-ACK_14361118_01546_r.r1l55 0 0 0 
 NA-ACK_14361118_01546_r.r1l56 1 2 1 
 NA-ACK_14361118_01546_r.r1l5 7 3 3 
 NA-ACK_14361118_01546_r.r1l6 1 0 0 
 NA-ACK_14361118_01546_r.r1l7 5 4 3 
 NA-ACK_14361118_01546_r.r1l8 1 0 0 
 NA-ACK_14361118_01546_r.r1l9 2 1 1 
 NA-ACK_14060104_01400_r._1565710640628_34 1 0 0 
 NA-ACK_14060104_01400_r.r1l10 2 3 0 
 NA-ACK_14060104_01400_r.r1l11 1 0 0 
 NA-ACK_14060104_01400_r.r1l12 0 1 0 
 NA-ACK_14060104_01400_r.r1l13 0 0 0 
 NA-ACK_14060104_01400_r.r1l14 0 0 0 
 NA-ACK_14060104_01400_r.r1l15 0 2 0 
 NA-ACK_14060104_01400_r.r1l16 1 1 0 
 NA-ACK_14060104_01400_r.r1l17 0 0 0 
 NA-ACK_14060104_01400_r.r1l18 0 0 0 
 NA-ACK_14060104_01400_r.r1l19 5 5 5 
 NA-ACK_14060104_01400_r.r1l1 2 0 0 
 NA-ACK_14060104_01400_r.r1l20 1 0 0 
 NA-ACK_14060104_01400_r.r1l21 0 0 0 
 NA-ACK_14060104_01400_r.r1l22 0 0 0 
 NA-ACK_14060104_01400_r.r1l23 1 0 0 
 NA-ACK_14060104_01400_r.r1l24 1 1 0 
 NA-ACK_14060104_01400_r.r1l4 1 1 1 
 NA-ACK_14060104_01400_r.r1l5 1 0 0 
 NA-ACK_14060104_01400_r.r1l6 0 0 0 
 NA-ACK_14060104_01400_r.r1l7 0 0 0 
 NA-ACK_14060104_01400_r.r1l8 0 0 0 
 NA-ACK_14060104_01400_r.r1l9 0 0 0 
